couches/mnt_pilat.asc
ncols         893
nrows         833
xllcorner     802951,58316698
yllcorner     6458837,5325287
cellsize      50
NODATA_value  -9999
[rows 351 to 389 of 833, columns 609 to 695 of 893]
420 416 411 406 401 395 389 383 378 375 374 374 373 373 373 373 373 371 371 369 367 365 363 361 360 358 356 355 352 349 347 344 339 335 333 330 327 324 321 318 317 316 315 312 308 302 293 282 270 258 247 235 217 198 176 158 149 146 148 152 156 159 160 160 158 157 157 157 157 156 156 155 155 155 155 154 154 154 155 155 156 156 157 157 157 157 157
416 413 409 404 399 394 388 383 379 375 373 372 371 371 371 370 370 370 369 367 365 362 360 359 359 358 358 357 354 350 347 343 340 336 333 331 328 325 323 321 319 318 316 313 309 303 293 282 271 259 249 237 219 195 168 150 144 145 149 154 158 160 160 159 158 156 157 157 157 156 156 155 155 155 154 154 154 154 155 155 156 156 157 157 158 158 158
411 409 405 401 397 392 387 382 378 376 374 372 370 369 368 368 368 366 366 364 362 359 357 357 359 360 361 360 355 350 346 342 338 336 333 331 328 325 323 322 321 319 317 313 308 301 294 284 272 260 248 230 210 186 161 146 142 144 149 155 159 160 160 158 157 156 157 157 156 156 156 155 155 155 154 154 154 154 155 155 156 156 157 157 157 159 160
405 405 402 399 394 390 385 380 378 376 373 371 369 367 366 366 366 364 362 359 356 354 354 356 359 361 361 360 355 350 345 340 337 335 333 330 328 325 324 322 320 317 315 311 307 302 297 288 276 261 245 219 196 177 157 145 141 144 150 156 159 160 159 158 156 156 157 157 156 156 155 155 155 154 154 155 155 154 155 155 156 156 157 157 158 159 162
400 401 399 396 392 387 382 379 377 375 373 371 368 366 365 363 363 361 357 352 348 347 350 355 360 362 362 360 355 349 343 339 336 333 331 329 327 324 321 320 317 313 310 307 305 302 299 289 277 263 247 225 200 174 154 143 140 144 150 157 160 160 160 158 156 156 157 157 156 156 155 155 155 154 155 155 155 155 155 155 156 156 157 158 159 161 163
394 396 396 394 390 385 380 378 376 374 373 370 368 366 364 362 361 358 352 345 341 342 347 355 361 362 362 359 354 348 342 338 334 332 330 328 326 323 320 316 311 306 302 300 299 300 298 288 275 263 253 238 211 177 152 141 140 144 151 157 160 160 160 158 156 156 157 157 156 155 155 155 154 155 155 155 155 156 156 156 157 157 158 160 161 163 164
390 392 393 392 389 384 380 377 375 374 372 370 368 366 364 362 359 355 350 345 340 340 346 354 361 362 361 357 352 345 341 337 333 330 328 326 324 322 319 313 305 297 291 288 287 289 290 284 272 261 252 238 213 176 149 140 140 145 151 157 160 160 159 158 156 156 157 157 156 155 155 154 154 154 155 156 156 157 158 158 158 158 159 161 163 164 165
386 387 389 390 388 384 379 377 375 374 372 370 368 366 364 363 359 354 350 345 341 341 346 353 359 362 360 355 349 343 339 335 332 329 327 324 322 320 316 310 303 301 299 294 283 276 270 266 260 252 242 227 203 169 147 141 142 147 153 158 160 160 159 157 156 156 157 156 156 155 155 154 154 154 155 156 157 158 160 160 159 159 161 162 164 165 165
382 383 386 388 387 384 381 377 375 373 371 369 367 366 365 362 359 353 349 345 338 336 344 352 358 360 357 351 345 340 336 334 331 329 326 323 320 317 313 310 307 307 307 303 296 288 282 264 249 239 230 214 192 166 150 144 145 149 154 158 160 160 158 157 156 156 157 156 156 155 154 154 154 154 155 156 157 159 161 160 160 160 161 163 164 165 165
378 379 382 385 385 384 381 377 375 373 371 369 367 366 365 362 357 352 347 343 335 329 338 350 355 355 352 346 340 336 334 333 331 329 326 322 318 315 313 312 313 313 311 308 303 298 290 275 258 248 238 219 196 168 153 148 148 151 155 158 159 159 158 157 156 156 156 156 155 155 154 154 154 154 155 156 157 160 161 161 160 161 162 163 164 165 165
375 378 381 383 384 382 379 377 375 372 370 368 367 366 363 360 356 351 345 340 333 323 330 342 349 350 346 340 335 333 332 330 330 329 326 322 318 316 316 316 317 317 315 311 305 299 290 280 266 256 244 223 195 167 155 152 152 153 156 158 159 159 158 157 156 156 156 156 155 155 154 154 154 154 154 155 158 160 161 161 161 162 163 163 164 164 165
374 377 381 383 382 381 378 376 374 372 371 369 367 366 363 359 355 350 345 344 340 325 318 330 340 341 337 334 331 330 330 329 329 329 326 323 323 320 319 319 320 320 317 311 305 298 290 280 268 254 235 214 190 166 157 156 155 155 157 158 158 158 158 157 157 156 156 156 155 155 154 154 154 154 154 156 159 160 160 161 162 162 163 163 163 164 164
373 376 380 381 380 379 376 374 373 372 371 370 368 365 361 357 352 349 346 344 342 332 319 316 324 328 328 327 326 327 327 327 327 327 325 325 325 323 322 322 321 320 316 311 304 296 288 279 267 249 227 206 187 165 159 158 157 157 157 157 158 158 157 157 157 156 156 156 155 154 154 154 154 154 155 157 159 160 160 160 161 162 162 163 163 163 164
372 375 377 378 378 377 375 373 373 373 373 371 368 364 360 355 351 348 345 343 339 329 321 317 315 315 317 320 322 323 324 324 324 324 323 325 326 325 324 323 322 319 314 309 303 295 286 277 266 249 228 208 186 165 160 159 157 157 157 157 158 158 157 157 157 156 156 155 155 154 154 154 154 154 155 158 160 160 159 158 159 161 162 162 162 163 163
370 373 374 375 375 375 374 374 374 374 374 372 368 363 359 355 351 347 343 341 338 334 328 323 316 310 309 311 315 318 320 321 320 320 319 320 323 325 325 324 321 318 312 307 301 292 283 274 263 248 225 203 183 164 159 158 157 157 157 158 158 157 157 157 157 156 156 155 155 154 154 154 154 154 155 158 160 160 159 158 158 159 160 161 161 162 163
368 370 372 374 374 374 375 376 377 377 376 373 368 363 358 355 352 348 344 341 341 339 333 327 319 310 304 304 308 311 314 315 316 316 316 316 319 324 325 323 320 317 311 305 298 289 281 270 257 242 223 205 183 164 157 156 156 156 157 158 158 158 157 157 157 156 156 155 155 154 154 154 154 155 156 157 159 159 159 158 158 158 158 159 160 160 161
366 368 370 372 373 374 376 378 380 380 377 374 369 364 359 356 353 350 347 344 342 340 336 328 320 316 309 302 300 301 304 306 310 313 314 313 316 321 324 323 320 316 310 303 296 288 279 267 251 232 216 203 182 162 154 153 154 156 157 158 159 158 157 157 156 156 156 155 155 154 154 154 154 155 156 157 157 157 157 157 158 158 159 159 159 159 159
363 365 369 372 375 377 379 381 381 381 378 373 369 364 360 358 355 353 350 346 342 340 338 332 326 323 318 312 305 298 286 290 302 308 308 310 314 320 322 322 320 316 310 303 295 288 278 267 254 238 217 193 170 156 150 149 152 154 157 159 159 158 157 156 156 156 156 155 154 154 154 154 154 155 156 156 157 157 157 157 158 158 160 161 159 158 157
357 362 367 371 376 380 383 383 382 380 377 373 369 366 363 361 358 356 352 348 344 342 341 337 332 327 323 318 311 302 285 276 287 295 300 305 310 315 321 320 319 316 310 302 295 288 279 266 254 239 220 193 165 151 147 148 151 154 157 159 159 158 157 156 156 156 156 155 154 154 153 153 154 154 155 156 156 157 156 157 157 159 161 162 160 158 157
349 357 364 370 377 384 386 385 382 379 375 372 369 367 365 363 361 357 354 350 347 345 343 339 334 329 325 319 312 302 291 279 266 266 276 291 303 310 313 313 312 310 306 299 293 286 277 265 251 235 215 191 166 150 145 146 151 155 158 160 159 158 156 156 156 156 156 155 154 154 153 153 154 154 155 156 156 156 156 157 157 158 161 162 161 160 158
344 352 358 367 376 384 386 384 381 376 372 370 367 365 364 363 360 358 354 352 349 346 342 339 335 330 326 320 314 307 302 289 255 243 251 267 285 293 294 292 293 293 291 288 284 279 271 259 245 228 208 184 162 150 145 147 151 156 159 160 159 157 156 156 156 156 155 155 154 154 153 153 154 154 154 155 156 156 157 157 157 158 161 162 163 162 160
341 349 354 362 373 380 383 381 377 372 368 365 364 363 362 361 359 357 354 352 349 346 342 339 335 331 326 322 317 310 303 291 274 251 240 243 251 259 260 260 261 259 263 264 264 265 261 250 238 222 202 177 158 148 146 148 152 156 159 159 159 157 156 156 156 156 155 155 154 154 153 153 153 154 154 155 156 157 157 158 159 159 160 162 163 163 161
334 344 351 358 367 374 376 375 371 367 362 361 360 360 359 358 357 356 354 352 349 346 343 340 336 332 328 324 319 312 303 296 291 272 253 240 232 232 234 232 230 227 235 237 237 247 248 239 229 215 193 168 153 147 147 149 154 157 159 159 158 157 156 156 156 156 155 154 154 153 153 153 153 153 154 154 155 157 158 159 161 161 160 162 163 163 163
310 333 346 354 362 368 368 367 364 359 357 357 357 357 357 356 355 354 353 351 349 346 344 341 337 333 330 325 321 314 308 306 303 291 276 261 244 235 227 212 205 205 207 207 208 218 226 224 217 203 182 161 150 147 149 152 155 158 159 159 158 156 156 156 156 156 155 154 154 153 153 153 153 153 154 154 155 156 158 160 162 162 161 162 163 163 163
292 318 335 347 356 361 361 359 356 354 352 352 354 355 355 355 354 352 351 350 348 346 344 341 338 334 331 327 322 317 315 317 314 307 297 284 267 253 245 239 222 210 202 199 194 192 198 203 199 187 170 157 150 148 151 154 156 159 159 159 157 156 156 156 156 155 155 154 154 153 153 153 153 153 153 154 155 156 157 160 162 162 163 162 163 163 -9999
283 301 317 333 347 353 353 352 349 347 346 349 351 353 354 353 352 351 350 349 346 345 344 341 338 335 332 328 324 321 321 323 323 320 312 301 287 274 267 263 250 236 224 214 206 196 185 177 173 168 161 155 151 151 153 155 157 159 159 157 157 156 156 156 156 155 155 154 154 153 153 153 153 153 153 154 154 155 157 159 162 163 163 163 163 -9999 -9999
272 280 286 304 325 338 343 343 341 339 343 347 349 352 352 351 351 350 348 347 345 344 343 340 337 334 332 329 326 324 324 324 324 323 322 314 301 293 288 283 275 263 251 241 231 219 202 186 170 159 157 155 153 153 154 156 158 158 158 157 156 156 156 155 155 155 155 154 153 153 153 153 153 153 153 154 154 155 157 159 161 162 163 163 -9999 -9999 -9999
268 260 261 274 294 312 327 330 332 334 341 346 349 350 350 349 349 348 346 345 344 343 341 338 335 333 331 328 327 326 325 324 322 320 319 315 307 302 298 293 288 279 267 258 250 242 227 213 190 170 160 156 154 154 155 157 158 158 157 157 156 156 156 155 155 155 154 154 153 153 153 152 153 153 153 153 154 155 157 159 160 162 163 -9999 -9999 -9999 -9999
271 253 245 253 270 285 301 311 321 329 338 345 348 348 347 347 347 346 345 344 342 341 340 337 334 331 329 326 326 325 324 321 317 314 313 311 305 303 299 294 289 281 270 262 255 247 234 219 198 175 161 156 155 155 156 158 158 158 157 157 156 156 156 155 155 155 154 154 153 153 152 152 152 153 153 153 154 155 156 158 160 -9999 -9999 -9999 -9999 -9999 -9999
277 258 243 240 248 259 275 289 305 321 333 342 345 345 346 347 346 346 344 342 341 339 337 336 332 329 326 323 323 323 322 318 312 308 306 304 300 298 293 287 283 274 265 255 249 243 229 211 192 168 158 156 155 156 158 158 158 158 157 156 156 156 155 155 155 155 154 154 153 153 152 152 152 153 153 154 154 155 156 158 -9999 -9999 -9999 -9999 -9999 -9999 -9999
282 268 256 245 237 237 250 266 284 306 326 337 339 342 345 348 347 346 344 341 338 336 335 334 332 328 324 321 318 319 317 312 307 303 300 298 295 290 285 279 271 262 254 244 238 232 219 201 182 163 156 154 155 157 158 158 158 158 157 156 156 156 155 155 155 155 154 154 153 153 152 152 152 152 153 154 154 155 156 157 -9999 -9999 -9999 -9999 -9999 -9999 -9999
293 281 274 270 254 236 235 245 260 283 309 323 331 338 344 348 348 346 342 338 335 333 332 331 330 327 323 319 315 311 307 303 301 298 295 290 285 282 277 270 261 249 242 235 226 219 208 192 173 160 155 154 155 157 158 158 158 157 157 156 156 156 155 155 155 154 154 154 153 153 152 152 152 152 153 154 154 155 156 -9999 -9999 -9999 -9999 -9999 -9999 -9999 -9999
313 302 295 293 283 249 231 232 236 257 281 302 320 331 337 343 345 342 336 333 332 331 330 329 329 328 324 318 312 304 297 293 293 292 286 279 275 271 267 262 254 245 234 222 211 206 196 182 165 157 154 154 155 157 158 158 158 157 157 156 156 156 155 155 155 154 154 154 153 152 152 152 152 152 153 153 154 155 -9999 -9999 -9999 -9999 -9999 -9999 -9999 -9999 -9999
328 321 313 307 296 274 242 230 230 237 256 279 302 312 319 329 333 327 325 327 329 328 328 328 328 327 325 319 311 299 289 284 284 277 267 260 257 259 259 253 246 239 224 208 198 192 185 174 161 156 153 154 155 157 158 158 158 157 156 156 156 155 155 155 154 154 154 153 153 152 152 152 152 152 152 153 154 -9999 -9999 -9999 -9999 -9999 -9999 -9999 -9999 -9999 -9999
338 335 327 317 306 290 265 246 237 229 236 256 280 289 294 304 310 308 310 316 320 323 325 328 329 328 326 321 311 297 285 279 269 251 241 237 241 249 250 245 235 226 213 199 189 182 176 168 159 155 154 155 156 157 158 158 158 157 156 156 156 155 155 155 154 154 154 153 153 152 152 152 152 152 152 153 -9999 -9999 -9999 -9999 -9999 -9999 -9999 -9999 -9999 -9999 -9999
341 341 335 325 315 302 290 281 259 239 228 237 256 263 267 280 287 284 291 299 307 316 324 329 329 328 326 321 307 293 282 271 258 240 223 219 227 237 238 232 222 210 200 191 182 176 171 165 159 155 155 156 156 157 158 158 157 157 156 156 156 155 155 154 154 154 154 153 153 152 152 151 152 152 152 153 -9999 -9999 -9999 -9999 -9999 -9999 -9999 -9999 -9999 -9999 -9999
335 338 335 329 322 312 306 297 282 252 231 231 238 243 242 251 260 259 267 279 293 308 320 326 328 326 322 315 298 282 271 258 246 234 218 206 213 221 221 215 206 197 189 183 176 171 167 161 158 156 156 156 157 158 158 157 157 156 156 155 155 155 155 154 154 154 153 153 152 152 152 151 151 152 152 153 -9999 -9999 -9999 -9999 -9999 -9999 -9999 -9999 -9999 -9999 -9999
317 322 320 320 315 309 306 301 289 268 243 233 232 231 228 229 234 231 240 257 277 296 310 319 321 319 314 302 285 268 255 242 231 221 211 203 201 205 204 199 193 186 180 174 170 166 162 159 157 156 157 157 158 158 158 157 157 156 156 155 155 155 154 154 154 154 153 153 152 152 152 151 151 151 152 153 -9999 -9999 -9999 -9999 -9999 -9999 -9999 -9999 -9999 -9999 -9999
287 294 293 293 289 292 293 295 291 284 265 245 238 230 222 219 218 205 215 234 259 282 298 304 303 300 297 285 268 252 238 227 216 206 200 196 193 193 190 186 182 177 172 168 163 160 159 157 157 157 157 158 158 158 157 157 156 156 156 155 155 155 154 154 154 154 153 153 152 152 151 151 151 151 152 152 -9999 -9999 -9999 -9999 -9999 -9999 -9999 -9999 -9999 -9999 -9999
