couches/mnt_pilat.asc
ncols         893
nrows         833
xllcorner     802951,58316698
yllcorner     6458837,5325287
cellsize      50
NODATA_value  -9999
[rows 702 to 740 of 833, columns 174 to 260 of 893]
1070 1067 1065 1062 1057 1053 1051 1051 1053 1054 1053 1049 1044 1038 1030 1025 1020 1013 1007 1002 998 995 993 993 994 996 999 1001 1002 1007 1012 1015 1018 1024 1031 1038 1045 1055 1064 1071 1078 1090 1104 1119 1137 1159 1173 1184 1192 1200 1203 1202 1198 1193 1189 1190 1192 1194 1196 1200 1204 1209 1214 1219 1225 1230 1233 1236 1237 1237 1235 1233 1227 1219 1212 1204 1194 1181 1166 1149 1132 1115 1098 1081 1067 1054 1042
1067 1064 1061 1057 1052 1049 1047 1047 1049 1050 1050 1047 1041 1033 1024 1017 1010 1005 1002 998 995 993 992 992 993 995 997 999 1001 1006 1011 1014 1017 1022 1028 1034 1041 1050 1059 1066 1074 1086 1097 1111 1126 1147 1167 1179 1186 1196 1203 1204 1200 1193 1189 1189 1191 1193 1195 1198 1202 1207 1211 1216 1222 1224 1227 1228 1229 1229 1227 1225 1220 1213 1203 1194 1185 1174 1163 1149 1132 1116 1098 1082 1067 1053 1039
1062 1059 1056 1051 1045 1043 1043 1043 1044 1044 1044 1043 1037 1027 1018 1008 1001 997 997 995 993 991 990 990 991 993 997 1000 1003 1006 1009 1012 1017 1022 1028 1033 1039 1046 1053 1060 1070 1080 1090 1103 1117 1135 1155 1169 1177 1185 1195 1201 1198 1193 1188 1187 1188 1190 1192 1196 1200 1204 1208 1213 1217 1219 1221 1222 1222 1221 1220 1216 1210 1202 1191 1180 1174 1165 1156 1145 1130 1114 1098 1083 1069 1056 1041
1057 1055 1052 1047 1039 1033 1033 1036 1037 1035 1033 1031 1027 1021 1013 1003 996 994 993 992 990 989 988 988 989 993 998 1001 1003 1005 1008 1011 1017 1022 1028 1033 1037 1041 1048 1056 1065 1075 1085 1097 1109 1124 1139 1153 1165 1172 1181 1189 1191 1189 1186 1185 1185 1187 1190 1194 1197 1201 1205 1209 1212 1214 1214 1215 1215 1214 1212 1209 1200 1189 1178 1169 1162 1155 1148 1138 1124 1109 1095 1084 1074 1062 1050
1053 1050 1048 1043 1033 1023 1021 1022 1023 1021 1018 1013 1013 1012 1008 1002 995 991 990 989 987 986 985 985 988 992 1000 1000 1000 1003 1006 1010 1016 1021 1027 1032 1035 1038 1045 1053 1061 1071 1082 1092 1103 1115 1127 1137 1149 1159 1167 1175 1181 1183 1182 1182 1181 1185 1188 1191 1194 1198 1202 1206 1208 1209 1209 1208 1208 1208 1207 1203 1192 1180 1170 1163 1156 1149 1141 1132 1118 1106 1097 1089 1079 1068 1057
1050 1045 1042 1036 1026 1021 1019 1014 1008 1008 1004 1000 1002 1003 1002 999 994 989 987 985 984 984 983 983 987 992 996 997 997 1000 1004 1009 1014 1021 1026 1029 1032 1035 1042 1050 1057 1066 1076 1086 1097 1107 1115 1124 1134 1146 1155 1162 1169 1176 1178 1178 1178 1182 1186 1189 1192 1196 1200 1203 1203 1203 1203 1202 1202 1201 1201 1198 1189 1179 1169 1163 1156 1148 1139 1129 1117 1106 1098 1088 1081 1069 1053
1049 1043 1038 1036 1035 1033 1028 1022 1015 1009 1006 1000 997 997 998 995 991 986 983 982 981 982 981 981 986 990 992 993 994 997 1001 1007 1014 1020 1024 1026 1028 1033 1040 1047 1054 1060 1068 1078 1088 1096 1103 1113 1124 1135 1145 1153 1161 1170 1173 1174 1175 1179 1184 1186 1189 1193 1198 1200 1199 1198 1196 1195 1195 1196 1196 1194 1187 1178 1171 1166 1160 1152 1143 1131 1119 1109 1097 1084 1073 1060 1040
1048 1045 1044 1045 1045 1044 1040 1033 1025 1019 1016 1011 1001 998 996 993 989 985 981 979 980 980 979 981 985 989 990 991 992 996 999 1005 1013 1019 1019 1022 1026 1032 1038 1045 1051 1056 1062 1071 1080 1088 1095 1106 1117 1128 1138 1147 1157 1166 1169 1169 1172 1175 1179 1183 1187 1191 1194 1196 1194 1192 1190 1187 1189 1191 1193 1191 1186 1178 1175 1171 1165 1156 1146 1134 1122 1112 1099 1082 1064 1045 1024
1048 1047 1048 1049 1051 1052 1050 1044 1036 1029 1026 1020 1010 1002 997 993 989 984 979 978 979 979 978 980 985 989 990 992 994 996 998 1003 1012 1020 1021 1022 1028 1034 1038 1042 1047 1052 1058 1063 1071 1080 1088 1098 1109 1120 1131 1142 1152 1161 1164 1166 1168 1170 1175 1180 1185 1187 1190 1191 1191 1188 1184 1181 1183 1187 1189 1189 1186 1183 1180 1177 1169 1159 1149 1138 1126 1114 1102 1086 1065 1043 1020
1047 1049 1049 1051 1054 1057 1055 1050 1043 1038 1032 1025 1017 1008 1001 996 990 985 979 978 979 979 978 980 985 990 993 996 999 1000 999 1003 1012 1021 1026 1030 1036 1039 1040 1040 1045 1050 1054 1057 1063 1072 1080 1091 1102 1113 1124 1134 1144 1153 1158 1161 1162 1165 1169 1176 1181 1183 1186 1189 1189 1186 1181 1177 1178 1181 1185 1186 1185 1185 1184 1180 1171 1161 1151 1139 1128 1116 1103 1089 1072 1053 1033
1046 1048 1049 1052 1056 1058 1058 1054 1049 1043 1036 1029 1021 1013 1005 998 992 987 982 979 979 979 979 981 986 993 999 1003 1007 1007 1005 1005 1013 1022 1029 1035 1041 1043 1044 1044 1046 1049 1052 1056 1062 1068 1078 1087 1096 1106 1116 1126 1136 1144 1151 1155 1156 1158 1163 1170 1176 1179 1184 1188 1189 1186 1180 1176 1175 1177 1182 1184 1182 1182 1184 1180 1171 1161 1150 1139 1128 1115 1103 1089 1074 1056 1036
1044 1047 1048 1051 1055 1056 1056 1055 1049 1042 1035 1029 1022 1015 1006 999 993 987 983 980 979 979 978 982 987 996 1003 1010 1016 1017 1016 1014 1014 1021 1028 1034 1040 1045 1046 1047 1048 1049 1052 1056 1062 1068 1075 1083 1092 1100 1108 1116 1126 1135 1143 1148 1151 1154 1159 1166 1172 1178 1183 1188 1190 1187 1182 1177 1173 1174 1177 1179 1178 1176 1179 1178 1169 1157 1147 1137 1125 1111 1099 1087 1072 1052 1030
1041 1045 1046 1048 1048 1049 1049 1048 1044 1039 1031 1027 1022 1014 1005 997 991 986 983 981 979 978 978 982 988 996 1005 1014 1021 1023 1023 1022 1020 1020 1026 1033 1039 1044 1046 1048 1049 1050 1052 1056 1061 1067 1073 1079 1088 1096 1103 1111 1119 1128 1136 1142 1147 1151 1158 1165 1170 1177 1183 1189 1191 1188 1183 1178 1172 1169 1169 1170 1170 1168 1168 1168 1162 1153 1142 1131 1118 1105 1093 1081 1065 1044 1022
1036 1041 1043 1041 1037 1036 1036 1037 1034 1029 1024 1021 1019 1013 1005 996 987 982 982 981 979 978 978 981 989 996 1004 1013 1020 1024 1026 1027 1025 1023 1026 1031 1037 1042 1045 1047 1049 1051 1053 1057 1060 1066 1072 1078 1085 1093 1101 1109 1116 1122 1128 1136 1142 1149 1156 1163 1169 1175 1180 1184 1187 1185 1182 1177 1171 1165 1161 1161 1161 1158 1157 1156 1152 1145 1135 1124 1111 1098 1085 1071 1055 1036 1013
1030 1035 1037 1031 1024 1023 1022 1024 1023 1020 1017 1014 1010 1007 1001 990 981 979 979 980 980 979 978 982 989 996 1003 1010 1017 1022 1026 1027 1028 1028 1029 1033 1036 1039 1044 1046 1049 1052 1054 1057 1060 1065 1071 1077 1084 1092 1101 1108 1114 1119 1124 1131 1139 1146 1154 1161 1167 1171 1175 1178 1178 1178 1176 1173 1168 1163 1160 1156 1153 1149 1148 1146 1142 1135 1127 1117 1105 1090 1075 1061 1044 1025 1001
1022 1026 1027 1022 1015 1013 1013 1014 1015 1013 1011 1007 1001 997 990 982 979 979 978 979 979 980 981 984 989 995 1002 1009 1014 1019 1024 1027 1029 1030 1032 1034 1038 1040 1043 1047 1050 1052 1054 1057 1061 1066 1072 1077 1084 1093 1101 1107 1113 1118 1124 1130 1136 1144 1152 1159 1163 1168 1171 1173 1172 1170 1168 1166 1164 1162 1158 1153 1147 1142 1140 1138 1134 1128 1118 1107 1096 1081 1065 1049 1030 1010 988
1015 1018 1020 1016 1010 1007 1006 1007 1007 1006 1003 998 991 986 980 978 978 978 978 978 980 983 986 988 991 996 1002 1007 1012 1017 1022 1025 1028 1031 1034 1037 1040 1042 1045 1048 1051 1053 1055 1057 1062 1069 1075 1079 1087 1095 1102 1109 1114 1119 1124 1130 1136 1142 1149 1154 1159 1164 1169 1171 1170 1164 1161 1161 1160 1157 1154 1150 1146 1141 1135 1130 1126 1120 1109 1098 1087 1072 1056 1038 1016 996 980
1005 1009 1012 1010 1005 1000 999 1000 998 995 991 985 980 979 977 977 978 979 980 981 984 988 989 990 993 997 1003 1008 1011 1015 1019 1023 1026 1030 1035 1039 1042 1046 1049 1052 1054 1056 1058 1060 1065 1072 1079 1083 1090 1098 1104 1110 1116 1121 1126 1132 1138 1142 1149 1153 1157 1162 1167 1169 1168 1162 1158 1156 1154 1153 1151 1148 1146 1141 1133 1122 1112 1105 1096 1087 1076 1064 1052 1035 1011 992 987
994 998 1001 1000 996 993 993 990 986 981 977 973 972 974 975 978 980 982 986 987 990 992 994 995 995 997 1003 1007 1011 1014 1017 1021 1025 1031 1036 1041 1045 1049 1053 1056 1058 1060 1062 1065 1070 1077 1083 1088 1093 1099 1105 1110 1116 1122 1128 1134 1139 1144 1148 1153 1158 1163 1166 1168 1167 1163 1159 1155 1151 1149 1148 1146 1144 1140 1133 1121 1103 1085 1075 1069 1061 1053 1043 1030 1012 1003 1007
982 984 987 986 983 985 988 983 977 969 964 965 969 972 975 979 983 988 992 994 996 998 1000 1001 1000 998 999 1006 1010 1014 1017 1020 1026 1033 1038 1042 1047 1052 1056 1060 1062 1064 1067 1071 1075 1081 1087 1091 1096 1101 1105 1110 1116 1122 1128 1134 1140 1145 1149 1153 1158 1164 1168 1170 1168 1165 1161 1157 1151 1147 1144 1142 1141 1137 1130 1120 1102 1079 1063 1055 1051 1046 1038 1030 1024 1025 1029
975 972 972 970 969 974 982 983 972 960 960 963 969 973 975 981 990 996 1000 1002 1004 1006 1008 1008 1006 1003 1003 1006 1010 1015 1019 1022 1027 1034 1041 1045 1050 1054 1058 1062 1066 1068 1072 1076 1080 1085 1090 1096 1100 1103 1107 1111 1116 1122 1128 1135 1143 1150 1153 1154 1157 1162 1167 1169 1167 1165 1163 1159 1155 1148 1141 1134 1130 1126 1121 1115 1106 1091 1076 1066 1059 1053 1048 1045 1043 1045 1045
973 963 960 960 960 961 968 973 965 960 964 968 972 976 981 990 999 1004 1009 1012 1012 1015 1017 1016 1013 1009 1008 1008 1011 1016 1021 1025 1030 1035 1041 1047 1052 1057 1060 1064 1068 1071 1074 1079 1083 1088 1093 1098 1103 1105 1108 1112 1117 1122 1129 1137 1147 1157 1159 1157 1158 1160 1164 1165 1165 1165 1164 1162 1158 1152 1142 1128 1116 1109 1105 1104 1103 1099 1091 1085 1077 1071 1064 1059 1057 1057 1052
972 962 956 957 958 959 958 961 959 963 973 974 974 979 989 1000 1007 1013 1017 1020 1021 1022 1023 1022 1019 1015 1012 1012 1014 1017 1022 1027 1032 1037 1043 1049 1055 1059 1063 1066 1069 1072 1075 1079 1084 1089 1095 1100 1104 1107 1110 1113 1118 1124 1131 1139 1149 1159 1162 1161 1159 1158 1160 1160 1160 1162 1163 1162 1160 1154 1143 1128 1112 1098 1088 1088 1092 1091 1090 1088 1084 1077 1069 1062 1057 1051 1047
970 960 957 958 961 963 961 958 962 974 983 982 979 980 989 1001 1010 1018 1022 1025 1026 1027 1028 1028 1025 1021 1018 1016 1017 1019 1022 1028 1033 1038 1044 1049 1053 1059 1063 1065 1068 1071 1074 1078 1082 1088 1093 1098 1103 1107 1110 1113 1119 1126 1131 1138 1148 1156 1159 1159 1157 1155 1156 1157 1157 1157 1159 1161 1159 1154 1145 1135 1120 1100 1082 1072 1073 1074 1076 1077 1073 1066 1059 1051 1043 1036 1033
966 958 957 959 962 966 968 968 970 980 988 990 987 984 987 994 1003 1015 1021 1025 1029 1031 1032 1032 1030 1027 1023 1021 1021 1023 1026 1031 1035 1038 1042 1046 1051 1056 1060 1063 1066 1068 1072 1076 1080 1085 1090 1095 1099 1104 1108 1113 1119 1126 1131 1137 1145 1152 1154 1154 1152 1152 1154 1156 1156 1155 1157 1159 1156 1152 1148 1140 1123 1104 1084 1063 1053 1055 1058 1060 1056 1050 1043 1035 1026 1019 1016
960 954 956 959 965 971 978 981 978 985 992 996 995 990 988 990 995 1006 1014 1022 1029 1033 1036 1037 1035 1031 1028 1025 1025 1027 1030 1035 1039 1039 1040 1043 1048 1051 1055 1058 1062 1066 1070 1074 1078 1082 1087 1092 1096 1101 1105 1111 1117 1123 1130 1138 1144 1148 1149 1148 1148 1150 1154 1156 1156 1156 1158 1159 1156 1151 1144 1131 1115 1099 1082 1058 1036 1031 1037 1040 1038 1034 1028 1018 1007 1001 1000
960 951 952 958 967 975 982 987 989 991 997 1003 1001 995 990 990 992 998 1006 1016 1027 1033 1038 1040 1039 1034 1030 1027 1027 1029 1033 1038 1042 1044 1045 1046 1049 1051 1052 1055 1060 1064 1068 1072 1075 1079 1084 1089 1093 1097 1102 1107 1113 1120 1128 1136 1143 1144 1144 1145 1147 1151 1155 1157 1159 1161 1162 1161 1157 1147 1131 1114 1100 1089 1074 1054 1026 1008 1009 1017 1019 1019 1014 1002 989 983 983
958 -9999 -9999 -9999 966 979 986 993 997 1000 1003 1007 1006 1000 995 993 993 996 1002 1011 1021 1030 1039 1043 1042 1037 1032 1029 1028 1030 1034 1040 1044 1048 1051 1054 1056 1056 1055 1056 1059 1062 1067 1070 1073 1077 1082 1086 1090 1095 1099 1103 1111 1118 1124 1129 1135 1138 1139 1143 1149 1154 1158 1161 1164 1166 1166 1162 1154 1137 1116 1098 1085 1073 1061 1045 1022 995 984 993 1000 1004 1000 988 973 966 966
-9999 -9999 -9999 -9999 -9999 980 989 997 1003 1007 1011 1012 1011 1006 1000 997 995 997 1002 1010 1018 1027 1038 1044 1043 1040 1035 1031 1030 1031 1034 1040 1045 1049 1053 1058 1062 1063 1061 1060 1060 1062 1065 1069 1073 1076 1079 1083 1089 1095 1099 1103 1110 1116 1118 1122 1129 1136 1140 1147 1155 1161 1165 1168 1170 1170 1165 1159 1146 1127 1103 1084 1069 1057 1046 1032 1011 985 966 971 981 988 987 975 959 949 947
-9999 -9999 -9999 -9999 -9999 975 990 1000 1008 1014 1018 1019 1018 1013 1006 1001 997 998 1003 1010 1018 1027 1036 1043 1045 1043 1038 1034 1033 1033 1036 1038 1043 1049 1054 1059 1065 1069 1069 1067 1064 1064 1067 1070 1073 1077 1079 1084 1090 1096 1102 1108 1115 1118 1122 1128 1134 1140 1146 1154 1161 1167 1172 1173 1171 1166 1159 1149 1133 1114 1092 1072 1055 1043 1032 1018 999 976 954 947 961 972 975 964 947 931 924
-9999 -9999 -9999 -9999 -9999 -9999 990 1002 1013 1021 1025 1027 1025 1019 1011 1006 1002 1000 1004 1011 1019 1028 1037 1043 1047 1045 1040 1036 1035 1035 1038 1040 1044 1049 1055 1061 1067 1073 1076 1075 1070 1068 1069 1072 1075 1079 1083 1088 1094 1100 1108 1115 1122 1128 1133 1140 1145 1150 1154 1160 1165 1168 1170 1169 1164 1157 1147 1134 1117 1098 1080 1062 1046 1032 1021 1008 992 971 946 931 941 957 963 955 938 916 903
-9999 -9999 -9999 -9999 -9999 -9999 986 1004 1016 1025 1032 1035 1031 1023 1017 1012 1006 1004 1006 1012 1019 1028 1037 1044 1048 1047 1043 1039 1038 1038 1040 1044 1047 1052 1057 1063 1070 1076 1081 1081 1077 1073 1072 1074 1077 1082 1088 1094 1100 1107 1114 1123 1131 1137 1143 1149 1155 1159 1162 1164 1165 1164 1162 1158 1153 1145 1134 1119 1100 1081 1067 1052 1037 1023 1010 999 986 967 942 919 920 939 948 946 932 907 885
-9999 -9999 -9999 -9999 -9999 -9999 -9999 1005 1018 1028 1037 1041 1037 1030 1023 1018 1014 1010 1010 1012 1017 1026 1035 1043 1049 1050 1048 1043 1041 1042 1046 1050 1054 1055 1058 1064 1071 1079 1085 1087 1083 1078 1076 1076 1079 1084 1091 1098 1105 1113 1121 1130 1139 1146 1152 1157 1162 1165 1165 1164 1161 1157 1152 1146 1140 1131 1120 1104 1085 1068 1056 1042 1027 1014 1002 990 977 961 938 910 905 920 929 930 921 899 873
-9999 -9999 -9999 -9999 -9999 -9999 -9999 1002 1020 1031 1041 1046 1044 1037 1031 1026 1020 1015 1013 1014 1018 1025 1035 1043 1049 1052 1051 1049 1048 1049 1052 1057 1061 1062 1064 1069 1076 1082 1088 1090 1089 1084 1080 1080 1082 1086 1093 1101 1109 1117 1126 1136 1146 1154 1160 1165 1167 1167 1164 1160 1154 1148 1142 1135 1129 1119 1108 1092 1072 1056 1045 1033 1018 1004 993 982 966 951 932 903 889 900 910 911 899 883 863
-9999 -9999 -9999 -9999 -9999 -9999 -9999 -9999 1024 1036 1046 1051 1051 1046 1039 1032 1025 1017 1016 1018 1022 1028 1035 1043 1050 1054 1055 1055 1055 1056 1059 1063 1067 1069 1072 1076 1082 1087 1092 1095 1095 1091 1087 1086 1087 1091 1097 1103 1111 1120 1129 1138 1149 1159 1167 1170 1169 1167 1161 1155 1148 1141 1132 1124 1117 1108 1096 1080 1061 1045 1034 1022 1007 993 980 969 955 937 918 897 877 879 890 886 870 857 848
-9999 -9999 -9999 -9999 -9999 -9999 -9999 -9999 1023 1041 1051 1057 1058 1052 1046 1038 1029 1022 1021 1024 1029 1035 1042 1049 1054 1057 1059 1061 1061 1063 1066 1069 1073 1077 1081 1085 1089 1095 1099 1101 1101 1098 1093 1091 1092 1095 1101 1107 1113 1121 1129 1138 1148 1158 1166 1170 1168 1164 1158 1150 1143 1134 1125 1116 1108 1097 1082 1064 1048 1035 1025 1014 1000 983 967 952 937 919 902 889 874 864 867 858 843 833 828
-9999 -9999 -9999 -9999 -9999 -9999 -9999 -9999 -9999 1046 1055 1062 1063 1058 1051 1045 1037 1029 1028 1031 1036 1044 1052 1058 1061 1062 1064 1067 1069 1071 1072 1075 1079 1084 1090 1094 1098 1102 1106 1108 1108 1105 1100 1098 1097 1100 1105 1109 1113 1120 1128 1136 1145 1153 1161 1166 1166 1161 1154 1146 1138 1129 1119 1111 1102 1091 1074 1055 1037 1023 1015 1008 997 985 970 953 932 909 888 875 866 855 847 837 831 827 823
-9999 -9999 -9999 -9999 -9999 -9999 -9999 -9999 -9999 1044 1060 1067 1068 1062 1056 1049 1041 1035 1035 1038 1044 1053 1061 1065 1066 1068 1070 1073 1075 1077 1078 1081 1085 1090 1096 1102 1106 1111 1114 1116 1116 1113 1108 1105 1104 1105 1109 1111 1113 1117 1125 1133 1141 1149 1156 1161 1162 1157 1150 1142 1132 1121 1111 1103 1096 1085 1067 1049 1032 1014 1003 998 991 982 972 957 937 911 885 867 856 846 838 836 837 837 835
-9999 -9999 -9999 -9999 -9999 -9999 -9999 -9999 -9999 -9999 1064 1072 1072 1067 1062 1056 1048 1041 1041 1044 1049 1057 1065 1070 1072 1074 1076 1079 1081 1084 1086 1087 1091 1096 1101 1107 1113 1118 1122 1123 1123 1121 1116 1112 1109 1108 1110 1112 1113 1116 1122 1130 1137 1144 1150 1155 1155 1151 1144 1135 1122 1109 1100 1091 1078 1066 1055 1039 1025 1007 990 984 980 972 963 949 932 909 885 864 848 842 846 851 851 847 844
