couches/mnt_pilat.asc
ncols         893
nrows         833
xllcorner     802951,58316698
yllcorner     6458837,5325287
cellsize      50
NODATA_value  -9999
[rows 273 to 311 of 833, columns 522 to 608 of 893]
588 578 568 560 552 546 539 529 513 501 512 517 516 521 528 534 535 531 529 532 537 540 545 554 559 567 579 592 602 610 615 620 624 627 632 637 643 649 658 675 688 699 711 721 725 726 726 726 728 729 731 732 734 736 737 737 737 738 741 742 743 743 743 741 735 726 715 699 681 668 657 646 638 634 628 618 606 592 580 570 564 559 552 545 539 532 523
594 582 573 565 558 552 542 526 507 513 527 532 528 532 538 546 550 546 541 541 541 541 541 546 553 562 575 586 596 602 606 611 614 617 623 629 636 645 654 669 682 695 707 719 725 726 726 726 727 728 729 729 730 732 734 735 735 736 737 737 737 737 735 730 722 712 698 681 662 647 634 622 615 613 611 605 596 588 580 574 569 564 555 547 540 533 525
598 587 577 570 564 555 541 520 514 528 542 547 544 545 553 559 562 560 554 551 551 549 548 548 552 559 569 579 588 594 597 601 606 611 618 622 631 640 651 663 677 690 702 713 722 724 724 725 726 724 724 724 726 725 725 726 726 729 729 729 729 729 725 719 712 701 685 666 645 628 612 599 593 593 594 590 585 581 577 572 566 560 553 545 537 530 525
602 591 581 573 567 556 539 517 520 536 551 559 559 560 567 572 574 572 565 561 561 559 558 556 555 556 563 571 580 586 589 593 597 603 611 617 625 634 645 659 673 685 696 706 715 719 719 720 719 717 715 715 716 714 712 710 712 715 716 718 718 718 714 707 700 692 678 656 635 615 596 580 575 574 575 574 573 571 568 564 557 550 543 535 529 523 515
606 594 585 577 569 556 540 525 523 538 553 565 571 576 582 586 588 583 575 571 571 570 569 567 562 559 561 565 573 579 582 585 589 595 603 612 619 628 638 652 666 678 688 696 704 708 708 706 703 702 700 698 696 695 693 692 694 696 699 700 702 702 699 694 686 681 668 650 630 609 584 563 558 558 558 558 558 556 553 549 544 537 530 522 515 508 499
609 598 590 583 574 563 550 536 528 538 554 568 580 588 595 599 600 594 587 582 582 583 581 577 571 568 568 570 575 577 580 583 587 593 600 611 617 625 633 644 657 670 678 686 690 692 691 686 681 678 676 674 671 671 669 669 671 674 676 679 682 683 680 676 671 666 658 644 626 604 578 556 544 541 541 541 541 539 535 531 527 521 516 508 501 492 483
614 604 597 590 581 572 559 542 532 543 558 572 585 597 604 608 608 605 601 598 596 598 594 591 585 581 581 582 583 582 585 589 594 598 605 613 621 627 632 640 650 660 668 673 675 674 669 664 657 653 649 648 647 646 645 646 648 651 652 656 658 660 657 654 652 650 645 636 621 602 577 554 536 527 525 525 524 521 518 515 511 506 499 492 485 477 471
621 612 604 599 590 578 563 541 535 548 563 577 589 600 608 612 614 616 615 614 613 615 613 609 602 598 595 595 595 595 596 600 605 609 615 620 626 632 635 642 649 654 659 660 659 653 646 641 635 631 627 625 624 625 623 624 627 630 631 633 635 635 635 633 633 633 631 624 613 597 575 552 531 515 512 510 508 506 503 501 498 493 485 477 471 465 460
628 619 612 606 595 579 559 541 543 556 571 584 594 603 609 612 618 624 628 630 630 631 632 628 622 614 608 608 608 609 609 612 618 621 625 629 634 639 642 650 655 657 657 654 647 638 629 623 617 613 610 607 604 604 603 604 607 610 612 615 615 615 614 613 614 616 615 610 602 588 569 550 530 513 502 498 496 495 491 488 487 482 474 468 462 456 451
632 623 614 606 590 573 558 546 550 563 577 588 597 603 607 611 620 629 637 642 645 647 648 646 639 628 622 622 621 622 622 625 629 633 635 639 643 647 652 659 663 664 663 656 646 634 621 611 601 597 593 590 586 584 583 584 587 590 593 597 596 594 591 591 596 600 600 595 588 576 563 547 532 516 496 490 486 484 480 477 476 472 465 459 454 449 445
633 624 613 604 594 580 568 554 551 562 576 588 594 598 604 610 619 628 638 647 655 660 663 662 653 643 638 638 635 635 635 638 640 644 647 650 654 657 662 667 671 673 671 665 654 639 623 609 595 585 577 571 568 566 564 565 567 570 573 577 576 573 570 571 577 583 584 579 570 562 552 542 530 515 496 485 478 474 470 467 465 462 456 452 447 443 440
633 624 618 613 604 593 578 564 556 557 570 582 586 592 598 605 614 624 635 648 661 670 676 677 667 659 655 654 651 649 651 651 653 656 660 662 665 669 674 679 683 686 684 677 663 646 631 617 602 586 572 561 553 550 548 547 549 550 553 557 555 553 551 553 559 565 565 561 552 545 538 531 520 506 491 481 472 467 463 459 456 453 448 444 441 438 435
638 633 628 623 614 603 586 572 565 559 565 574 579 588 595 603 612 622 634 647 663 677 684 686 681 675 673 672 669 666 666 666 667 669 672 675 678 683 688 694 698 700 700 693 674 657 642 629 612 597 582 567 550 542 537 533 532 533 535 535 535 535 537 539 542 545 543 539 532 527 522 517 507 493 482 473 466 460 457 453 450 445 441 438 435 432 430
649 644 638 630 620 605 591 582 578 571 565 573 579 588 598 606 614 623 634 649 665 680 687 692 692 690 689 687 686 684 683 682 683 682 685 688 692 698 704 710 713 713 711 705 685 669 657 644 627 609 593 576 555 543 532 525 518 519 519 518 519 520 523 526 527 526 522 519 514 511 507 501 492 480 472 464 459 455 451 449 445 441 437 434 431 428 425
661 654 646 636 622 610 600 597 594 583 571 575 583 592 602 611 619 629 639 650 665 680 691 697 701 702 702 703 704 705 701 700 699 698 699 703 707 713 720 726 727 726 721 712 696 684 672 659 641 623 605 585 565 551 538 528 514 509 507 506 506 508 510 513 513 509 506 503 500 497 493 487 478 470 463 457 453 450 447 444 441 437 434 431 428 423 421
673 664 654 636 628 622 617 610 603 586 576 580 589 597 606 616 626 636 648 657 669 684 695 704 709 713 716 719 722 726 724 720 717 715 715 719 724 729 734 739 740 739 734 724 712 701 684 670 655 636 617 596 576 559 544 531 517 506 499 496 496 498 500 501 500 497 493 490 487 485 481 474 469 462 456 452 449 446 443 439 437 434 431 428 426 421 417
683 674 661 647 638 633 628 619 605 589 581 588 594 603 613 623 633 645 658 671 683 694 703 711 717 722 728 733 739 744 743 739 737 735 734 739 743 746 748 753 754 754 750 739 727 715 696 677 666 648 626 604 584 566 548 532 518 507 499 491 487 488 490 490 488 486 483 481 477 474 471 465 461 456 451 448 444 441 438 434 432 429 427 425 423 419 414
693 683 673 664 654 645 636 625 608 594 588 598 604 611 620 631 642 656 671 685 698 706 713 720 726 731 738 746 756 759 761 760 760 758 757 758 761 764 767 769 769 768 765 754 736 723 704 685 671 658 633 612 592 570 552 535 521 512 504 494 483 481 480 479 477 475 474 471 469 466 462 459 455 451 447 443 440 436 433 431 428 425 423 422 420 417 412
703 693 686 680 671 659 645 630 613 597 596 606 614 622 631 642 654 667 681 695 707 716 722 728 734 741 748 758 768 774 780 781 782 780 778 778 780 781 783 784 781 779 776 766 743 726 709 690 675 663 639 618 598 574 556 543 531 521 513 500 487 479 474 470 469 468 466 465 463 459 456 454 451 447 443 439 436 433 430 427 424 421 419 417 416 413 410
711 704 699 696 686 671 653 634 617 601 602 613 622 631 642 653 666 678 691 704 715 724 730 737 745 750 759 770 780 789 795 798 799 797 796 795 795 795 794 794 792 788 783 772 749 728 712 694 679 665 644 622 602 580 565 555 541 530 519 504 492 484 474 468 464 463 461 460 458 454 451 449 447 444 441 437 432 429 426 423 420 417 416 413 412 409 407
718 713 710 707 696 681 661 641 623 609 610 620 631 644 654 665 678 689 702 715 724 732 741 749 757 762 771 782 793 801 806 809 810 810 811 809 808 807 804 803 802 796 791 776 753 731 713 696 679 665 647 627 608 589 575 562 547 533 520 507 495 484 475 470 465 461 458 456 453 450 447 445 443 441 438 435 431 427 422 421 418 415 412 409 407 405 404
724 719 718 710 698 682 662 642 629 615 618 628 640 654 665 677 690 701 714 726 736 743 753 763 771 777 786 795 807 813 815 817 819 820 822 821 819 817 815 815 813 808 798 781 759 738 717 698 680 666 649 630 613 595 579 563 546 531 518 509 498 486 479 473 469 464 459 455 452 448 443 441 439 437 435 432 429 425 420 418 414 411 408 405 404 401 400
726 722 718 708 694 676 655 642 632 622 625 635 648 663 676 689 702 713 725 737 745 755 766 778 788 793 800 808 818 823 825 826 827 828 830 830 829 827 825 824 823 819 805 786 764 744 720 700 681 668 652 633 616 598 579 561 545 529 518 512 503 492 485 478 472 467 462 456 452 447 441 439 437 433 431 429 426 424 421 415 410 407 404 402 400 398 396
724 719 713 702 686 666 657 655 642 633 632 643 658 673 689 703 714 725 738 746 756 768 780 793 803 807 811 818 825 830 834 834 835 836 838 839 838 835 834 831 827 821 806 788 766 747 720 700 681 669 653 633 616 598 578 560 544 532 524 518 507 497 489 480 474 468 463 458 453 447 443 439 435 430 427 425 423 422 419 413 407 404 402 400 398 396 394
718 712 704 689 676 673 671 666 655 646 644 653 667 685 702 713 726 738 748 755 768 782 794 805 813 818 821 825 831 836 841 843 843 844 846 849 848 845 842 831 823 814 800 783 762 742 718 699 679 667 652 631 614 597 576 558 544 534 527 520 509 499 490 481 474 469 464 459 453 448 444 439 434 428 425 422 420 419 416 410 404 401 400 399 398 396 394
710 702 692 681 683 687 685 680 670 662 659 662 675 695 711 724 738 749 759 769 783 796 806 812 819 825 829 832 836 841 847 850 851 852 855 858 859 853 845 829 814 803 788 770 751 727 710 691 671 659 643 624 608 591 572 554 543 533 526 517 507 498 489 481 473 467 462 457 452 446 442 437 432 427 423 421 419 417 414 409 404 400 400 401 402 399 396
703 693 691 691 697 699 698 696 688 681 675 676 688 704 720 734 747 757 769 783 796 807 814 818 824 831 836 840 844 849 853 856 858 860 863 865 863 854 842 824 802 788 772 756 734 712 698 677 660 648 631 615 601 585 567 551 539 529 521 512 503 493 485 477 470 464 459 454 450 444 439 435 431 427 422 420 419 417 415 411 406 404 404 405 404 403 399
700 700 702 705 707 708 709 708 707 702 697 695 704 716 729 742 754 765 777 792 805 814 820 827 833 840 844 848 853 857 860 862 865 868 869 866 857 845 831 812 791 776 761 743 722 705 686 664 650 637 620 606 593 577 561 545 532 522 514 505 496 488 479 472 465 461 457 452 448 443 439 435 431 428 424 422 422 421 420 417 413 409 408 409 408 406 403
710 711 714 715 716 717 720 723 725 722 715 712 717 727 736 748 760 771 783 798 811 821 829 836 843 849 854 858 863 865 866 868 872 874 872 863 850 834 817 798 782 768 754 736 715 699 678 658 643 626 612 600 583 567 551 536 524 515 507 499 489 482 475 468 462 459 455 452 446 443 439 436 434 432 430 429 428 428 427 423 418 415 413 413 411 409 405
721 722 725 726 727 728 732 738 743 741 732 725 728 737 743 754 765 777 790 804 818 828 836 844 852 858 863 867 871 872 872 873 877 878 871 859 844 827 807 787 771 759 746 728 710 695 675 655 637 619 607 593 573 554 539 526 517 509 502 494 484 477 472 468 463 460 454 450 445 441 439 439 438 438 437 437 437 435 433 428 423 420 418 416 414 411 407
731 733 735 737 738 740 744 752 756 754 746 737 739 745 751 759 770 782 795 810 824 834 844 853 860 866 871 875 878 878 877 877 879 877 866 854 839 821 799 778 759 750 736 720 706 692 674 651 631 615 602 586 565 545 530 519 512 504 497 489 480 474 470 467 465 461 454 449 445 441 441 442 444 444 445 445 444 443 440 434 429 425 422 419 416 412 406
740 742 745 746 749 751 756 763 766 764 757 748 749 753 757 764 775 787 802 816 830 840 851 860 868 873 876 879 880 880 880 878 876 871 861 849 835 818 797 776 756 742 727 712 701 687 671 646 625 611 596 577 557 540 526 516 508 501 495 487 479 473 470 466 463 460 454 450 446 445 447 450 451 452 453 453 451 449 446 440 434 430 427 423 419 414 408
749 752 755 757 760 764 769 775 775 774 764 756 759 761 763 770 781 793 808 823 836 848 858 867 874 879 880 880 879 879 879 875 870 863 855 844 833 818 801 781 759 739 720 704 691 677 660 634 618 607 590 573 558 542 529 517 508 500 494 486 478 474 471 466 461 458 455 451 452 454 458 462 462 461 461 461 458 456 452 446 439 434 429 425 420 415 410
759 762 766 768 772 777 783 787 787 782 772 765 766 769 772 777 788 801 817 832 844 856 866 875 880 882 880 878 876 874 872 867 861 856 849 840 831 819 802 785 765 742 720 701 685 669 652 630 613 606 592 580 567 551 532 517 507 502 495 487 480 477 472 467 462 458 455 456 460 465 471 475 474 472 471 470 467 463 459 451 443 435 428 423 419 416 413
770 774 778 780 784 791 797 799 798 789 778 776 776 776 780 785 796 809 827 841 852 864 875 886 886 882 878 874 870 867 864 859 853 849 843 836 826 814 800 783 765 744 723 706 690 673 658 641 622 611 603 591 576 558 537 520 510 504 499 493 488 483 475 468 464 460 460 464 470 476 482 485 484 483 481 479 476 469 462 453 445 436 426 420 419 417 418
781 786 790 792 797 805 812 812 807 798 787 784 784 784 788 793 803 819 836 848 859 870 881 888 886 880 874 868 863 859 855 851 846 841 834 828 819 806 792 776 760 744 727 712 699 682 668 655 639 623 610 599 582 563 543 527 516 510 505 500 494 487 477 471 466 464 469 475 481 486 489 490 490 489 488 484 480 472 461 453 445 435 426 421 423 424 425
791 796 802 804 810 819 826 824 816 805 795 791 792 792 796 800 811 827 843 854 864 874 883 884 881 876 869 862 856 850 846 842 837 832 824 816 808 795 780 767 753 741 728 716 703 688 674 660 646 629 613 600 584 568 551 538 526 518 512 506 498 490 481 474 471 474 480 486 490 494 496 495 494 493 490 486 478 469 459 450 443 435 429 429 432 433 432
801 806 812 817 822 830 837 836 827 813 802 797 799 799 802 808 819 833 846 857 867 876 881 879 875 871 864 855 846 840 835 831 826 821 813 803 793 781 769 757 746 737 727 716 704 691 676 659 643 625 610 599 589 577 563 551 540 530 521 513 504 494 485 477 478 484 490 494 498 501 501 500 499 495 490 482 471 462 454 447 441 435 435 438 441 442 439
810 816 822 828 832 839 846 846 838 823 811 806 806 806 808 815 827 838 849 857 868 875 877 874 870 865 857 846 837 829 823 817 812 807 798 787 778 767 756 746 738 731 724 714 703 691 676 659 642 625 612 603 599 591 578 567 556 546 532 521 509 499 490 486 488 494 498 503 505 507 506 506 503 498 490 477 464 457 451 445 439 438 442 445 447 446 443
