couches/mnt_pilat.asc
ncols         893
nrows         833
xllcorner     802951,58316698
yllcorner     6458837,5325287
cellsize      50
NODATA_value  -9999
[rows 507 to 545 of 833, columns 87 to 173 of 893]
848 853 863 867 870 869 869 869 869 870 871 871 871 868 861 852 846 849 855 863 870 877 882 887 890 893 898 902 904 904 898 886 874 869 873 881 886 889 890 890 888 884 876 866 856 846 830 819 827 847 860 868 872 877 881 881 884 890 894 894 884 882 902 919 932 943 952 957 960 961 962 964 964 962 960 959 956 952 949 948 951 954 957 961 970 978 979
834 843 853 857 861 862 864 865 866 870 873 874 874 870 864 856 852 853 857 861 868 876 883 888 893 897 901 904 907 907 904 896 885 880 881 888 893 896 898 898 893 887 879 867 854 843 829 820 824 840 854 866 874 882 888 891 893 896 901 904 894 883 893 912 927 938 947 951 954 957 959 963 963 960 957 954 951 948 945 947 952 957 960 965 975 982 984
820 831 838 844 850 855 858 860 864 869 874 877 877 873 867 861 857 858 860 863 868 875 882 889 895 900 903 907 909 911 909 903 896 891 891 895 899 902 904 901 894 885 873 861 849 838 831 824 824 833 843 857 872 884 892 896 900 904 907 908 902 887 886 904 920 932 940 945 948 952 956 959 959 956 952 950 947 944 942 948 957 961 964 970 978 985 988
804 811 818 828 839 849 853 855 861 868 874 879 881 877 871 864 859 860 863 866 869 874 881 889 896 902 906 909 912 915 914 911 906 902 901 902 904 906 906 900 888 876 865 858 851 846 841 833 832 838 841 849 866 880 890 898 904 907 910 912 911 901 891 896 909 921 929 936 941 945 948 951 951 948 946 946 945 941 941 947 956 962 966 972 979 985 990
799 807 816 821 829 841 847 851 860 868 875 881 883 881 875 867 862 862 866 868 870 874 881 888 896 902 906 910 914 917 919 917 914 911 909 908 908 908 905 894 880 874 872 870 865 859 851 840 841 851 852 851 858 871 883 894 902 907 910 914 917 914 903 894 900 910 917 924 929 934 938 940 941 940 940 942 941 940 940 945 953 958 964 972 979 984 989
814 819 826 831 831 834 841 850 859 868 875 881 884 883 879 872 868 867 869 871 873 876 880 887 895 902 906 910 913 917 921 922 920 917 915 913 910 907 901 890 883 885 886 882 873 867 860 844 843 860 863 861 859 863 875 887 897 902 908 915 921 922 912 901 899 901 907 912 915 918 923 927 929 931 933 936 938 939 940 947 954 958 964 972 977 982 989
831 833 835 841 842 840 845 853 861 869 876 882 885 885 882 877 875 874 873 875 877 878 879 885 893 900 905 908 911 916 921 924 924 922 920 918 913 907 901 897 892 890 890 885 877 870 861 847 845 860 869 871 870 869 871 879 888 897 906 915 922 925 918 911 911 906 901 903 907 909 910 913 918 923 928 932 935 938 942 950 957 964 972 978 981 986 992
842 844 844 846 848 848 852 859 864 871 877 883 887 888 885 881 881 879 877 877 879 881 881 884 890 896 901 905 908 913 919 924 926 925 924 921 914 910 907 903 897 893 890 885 878 867 857 853 854 863 875 880 882 882 881 881 887 898 909 918 924 927 924 917 918 921 915 912 913 918 924 930 933 932 932 932 935 939 946 954 962 969 978 985 990 996 1000
846 848 848 848 849 852 857 862 867 872 878 885 888 890 889 888 887 884 879 878 882 885 886 887 891 894 898 901 905 911 918 924 928 928 926 922 918 915 913 907 901 894 888 882 873 862 860 868 873 878 886 892 895 896 895 893 895 903 914 923 929 930 927 915 916 926 927 925 924 928 938 945 948 947 942 938 937 942 951 961 970 976 983 991 998 1004 1007
846 846 846 847 849 852 857 862 867 872 878 883 888 892 894 894 893 889 884 882 886 890 892 893 895 897 897 899 903 910 917 924 929 930 928 925 922 921 918 913 905 896 887 877 867 861 869 881 889 896 903 907 910 911 909 907 906 911 921 929 934 932 928 919 919 929 935 936 934 936 943 950 954 952 948 943 940 944 952 963 974 982 988 995 1003 1009 1015
837 836 838 843 846 849 854 860 867 872 876 881 888 894 898 899 899 895 889 888 891 895 898 899 900 901 901 902 906 911 917 924 930 931 930 927 926 924 922 916 906 897 887 874 864 868 882 892 901 910 918 925 929 928 924 922 920 922 927 935 938 934 928 921 922 932 940 944 942 939 942 951 958 957 953 951 950 950 952 960 974 985 991 997 1006 1014 1020
823 823 828 836 840 844 851 858 866 873 878 882 889 895 899 902 902 899 895 893 896 900 902 904 904 904 905 906 910 914 919 925 929 932 932 930 928 926 924 918 908 897 886 875 872 880 891 900 908 920 932 943 946 944 940 938 936 935 936 940 941 936 931 924 926 936 944 949 949 947 947 952 959 961 958 959 962 963 962 961 969 981 990 998 1008 1017 1024
812 814 820 828 834 840 848 857 865 873 879 884 888 894 899 902 903 902 898 896 899 903 906 907 908 908 909 910 914 919 923 928 931 933 934 933 931 929 925 919 908 895 883 878 880 888 897 906 916 929 943 954 958 956 953 951 949 946 946 946 945 940 933 928 929 936 945 953 956 956 955 955 959 963 965 970 975 977 977 975 976 980 988 999 1008 1017 1026
811 821 828 832 838 841 847 855 861 869 876 882 887 893 899 902 903 903 900 898 900 904 907 910 911 912 913 915 918 924 930 934 936 936 936 935 933 930 926 919 908 893 881 881 887 894 902 912 922 935 951 961 966 966 964 962 958 956 955 953 949 942 936 932 930 935 945 955 961 964 963 959 960 967 973 979 983 986 988 988 988 987 989 997 1006 1016 1026
820 832 837 837 842 849 856 860 862 868 873 878 884 891 898 902 903 904 904 903 903 906 909 912 914 915 916 919 924 930 937 940 940 940 939 939 936 931 925 916 904 891 884 888 893 899 906 915 927 940 955 967 973 975 974 972 968 965 963 960 953 944 940 938 935 936 943 954 963 968 969 966 965 972 980 985 989 992 995 996 996 996 998 1002 1005 1013 1023
835 841 844 841 845 854 861 865 867 870 874 878 883 890 896 901 904 905 907 907 906 907 910 913 916 918 920 924 930 936 941 942 943 942 942 942 939 932 922 912 901 892 890 895 899 902 909 918 930 943 957 968 975 980 982 981 977 973 970 965 957 950 948 947 943 939 941 949 960 969 974 973 972 977 983 988 993 998 1001 1003 1004 1007 1010 1014 1016 1017 1023
847 851 853 851 850 855 862 867 871 875 878 881 885 890 893 899 902 904 906 907 908 909 911 914 918 920 923 928 934 939 942 943 943 943 943 943 940 933 921 909 900 895 896 900 904 908 913 921 933 945 957 967 975 981 985 986 984 981 976 969 963 961 961 959 954 948 945 947 957 969 977 980 978 978 983 990 997 1002 1007 1011 1014 1018 1021 1024 1027 1028 1031
855 860 863 862 857 858 862 867 873 877 882 884 887 889 891 894 897 899 903 906 908 909 911 914 917 921 926 931 936 940 943 943 943 943 944 943 940 932 921 910 902 898 898 902 908 913 917 925 935 947 957 966 973 979 985 988 988 986 983 977 973 974 974 973 968 961 955 951 955 966 977 983 983 981 985 992 999 1006 1013 1019 1022 1025 1029 1032 1035 1036 1037
859 864 867 867 864 862 865 868 872 878 882 885 887 888 889 888 889 892 897 902 905 908 910 913 917 922 927 932 936 940 943 943 944 944 944 942 937 928 918 911 905 902 901 905 912 917 923 930 939 948 957 965 973 980 985 989 991 991 988 984 984 986 987 987 983 976 968 961 956 962 974 982 986 987 988 994 1002 1009 1017 1024 1028 1031 1034 1038 1042 1043 1043
862 864 867 868 867 866 866 868 869 872 877 882 885 886 884 881 881 884 890 897 902 906 907 911 915 921 926 931 935 939 942 944 945 945 943 940 933 925 917 912 909 907 907 910 916 922 929 937 944 951 958 966 974 981 986 991 994 995 994 992 993 996 999 999 995 989 982 974 964 964 974 983 989 992 994 996 1003 1012 1020 1026 1031 1036 1038 1042 1045 1048 1049
862 863 864 865 865 865 865 864 862 862 868 877 881 880 878 879 880 880 885 893 899 902 904 907 911 918 924 929 934 939 943 946 947 946 943 938 932 925 918 914 913 913 914 915 920 927 935 943 950 957 963 969 976 983 989 993 997 999 1000 999 1001 1007 1010 1010 1007 1002 995 986 977 969 974 984 991 996 998 999 1004 1013 1021 1028 1034 1039 1042 1045 1048 1050 1052
859 860 860 860 862 861 856 855 862 868 870 874 876 877 880 886 889 887 888 890 894 897 899 901 905 912 920 926 932 939 944 947 948 948 945 940 933 926 920 918 918 919 921 922 924 931 939 948 956 963 970 976 982 987 992 996 999 1004 1006 1007 1010 1016 1020 1020 1019 1014 1006 996 987 977 976 984 993 1000 1003 1005 1008 1014 1022 1029 1036 1040 1043 1046 1048 1051 1053
854 855 855 855 856 850 845 855 870 879 881 878 878 881 889 896 900 900 896 893 894 895 896 897 900 905 914 922 929 937 943 947 948 949 948 944 937 929 925 923 923 925 927 929 931 935 943 952 961 968 975 982 988 992 996 1000 1004 1008 1012 1016 1019 1023 1027 1029 1029 1024 1014 1003 993 984 980 985 996 1004 1008 1011 1014 1017 1022 1029 1036 1041 1044 1046 1048 1051 1053
849 848 848 848 845 839 845 862 874 882 886 885 885 891 898 903 905 906 903 900 898 897 898 899 899 901 906 914 923 932 939 944 949 950 948 944 937 932 930 929 930 931 932 935 938 939 946 955 964 971 979 986 992 998 1001 1005 1009 1013 1019 1023 1026 1029 1032 1036 1038 1034 1024 1012 1001 993 989 990 997 1005 1012 1017 1021 1023 1026 1032 1037 1041 1044 1046 1048 1051 1053
843 842 843 842 835 836 851 864 873 880 885 888 891 897 902 905 906 907 907 906 901 900 902 902 901 900 900 906 915 926 935 944 949 951 949 943 937 934 933 935 936 937 939 942 945 946 950 956 963 972 982 989 995 1001 1005 1010 1014 1019 1024 1029 1031 1034 1037 1040 1044 1040 1031 1021 1012 1004 999 998 1001 1008 1016 1022 1026 1029 1032 1034 1038 1042 1045 1047 1048 1050 1052
834 838 838 831 827 837 851 861 870 876 882 888 893 898 902 905 906 907 909 909 907 905 906 906 905 905 903 903 910 921 935 945 950 953 951 945 940 938 938 941 944 944 946 949 951 954 956 958 962 971 981 989 996 1002 1007 1013 1018 1023 1029 1033 1036 1039 1042 1045 1046 1042 1036 1029 1025 1019 1014 1010 1010 1012 1019 1026 1032 1036 1038 1038 1040 1043 1046 1048 1049 1050 1050
824 831 832 823 823 837 850 859 866 873 879 884 889 895 899 902 905 907 909 911 911 912 912 912 911 913 912 908 908 917 931 943 950 953 954 951 945 943 944 947 951 953 955 956 957 960 963 962 963 970 978 985 994 1002 1008 1014 1020 1026 1032 1038 1041 1044 1047 1049 1049 1047 1043 1038 1034 1030 1026 1023 1021 1021 1025 1030 1037 1041 1044 1045 1044 1045 1047 1049 1049 1048 1046
808 814 822 819 820 835 846 854 863 869 874 879 885 890 893 897 901 904 908 911 914 915 917 918 917 919 920 916 911 914 925 938 946 950 954 955 951 949 949 952 958 961 963 964 964 966 969 970 972 976 978 983 992 1001 1008 1014 1020 1026 1033 1039 1043 1047 1050 1052 1052 1051 1049 1047 1044 1040 1037 1034 1032 1031 1032 1036 1041 1047 1050 1050 1048 1048 1049 1049 1048 1044 1040
798 801 804 804 813 826 835 847 856 863 868 873 879 883 887 889 891 897 904 909 913 917 920 921 922 924 926 923 918 915 918 929 939 944 950 955 955 953 953 957 963 968 969 970 972 975 978 979 981 984 987 990 994 1001 1007 1013 1018 1024 1031 1037 1043 1047 1052 1055 1056 1056 1056 1055 1054 1051 1048 1045 1043 1042 1041 1042 1047 1053 1056 1054 1050 1048 1047 1045 1041 1036 1031
804 811 813 809 813 818 824 838 848 855 861 866 871 875 878 879 882 891 901 907 912 916 921 924 927 929 931 931 927 921 917 920 929 938 946 952 954 954 956 961 968 973 975 977 980 984 986 987 989 992 997 1000 1001 1002 1006 1012 1017 1021 1026 1032 1039 1045 1052 1058 1061 1062 1064 1064 1064 1061 1059 1057 1054 1049 1047 1048 1053 1059 1060 1056 1051 1047 1043 1034 1028 1024 1020
820 821 826 832 833 826 821 828 838 843 850 857 863 864 868 876 882 891 900 905 910 915 921 925 930 934 936 937 935 930 925 920 920 929 940 947 951 953 956 963 970 977 980 983 987 990 994 995 997 1000 1004 1006 1005 1005 1007 1010 1015 1019 1023 1029 1036 1043 1050 1057 1064 1070 1073 1074 1074 1073 1069 1066 1063 1057 1053 1053 1056 1060 1061 1057 1051 1046 1038 1026 1017 1012 1008
837 833 837 846 848 840 825 821 827 834 840 845 849 854 863 877 886 894 900 904 908 913 918 924 930 935 939 941 942 939 935 930 923 924 933 942 947 950 955 963 971 978 984 989 993 996 1000 1003 1005 1008 1010 1011 1010 1008 1008 1010 1014 1018 1023 1029 1035 1042 1048 1055 1064 1073 1080 1081 1081 1081 1077 1074 1070 1064 1059 1057 1056 1056 1056 1053 1047 1042 1033 1023 1012 1003 998
848 846 849 854 853 846 834 824 828 834 839 845 851 858 860 872 884 892 896 900 904 909 915 921 926 932 937 941 943 942 941 940 936 931 931 936 941 947 953 961 970 978 987 993 998 1002 1006 1009 1011 1014 1016 1016 1014 1012 1010 1011 1014 1018 1024 1029 1035 1041 1047 1054 1062 1071 1079 1082 1083 1084 1082 1079 1074 1069 1064 1060 1056 1053 1050 1047 1043 1037 1028 1018 1008 1000 994
851 854 857 859 857 847 840 836 836 837 846 857 865 873 872 871 878 885 890 895 899 905 910 915 920 925 930 935 937 938 939 943 944 941 937 934 936 941 948 958 969 977 987 995 1001 1007 1012 1015 1018 1020 1022 1022 1019 1015 1012 1012 1014 1019 1024 1029 1034 1039 1045 1051 1058 1065 1073 1078 1081 1083 1083 1081 1077 1072 1067 1062 1055 1049 1045 1041 1037 1032 1024 1013 1003 997 993
851 858 863 864 860 851 846 844 841 842 852 864 873 882 884 881 878 879 884 891 895 899 905 910 914 918 922 926 929 932 936 941 946 948 946 941 937 936 943 956 966 975 985 996 1002 1009 1016 1021 1023 1025 1027 1027 1024 1019 1014 1012 1015 1019 1024 1028 1032 1037 1042 1048 1055 1059 1065 1072 1077 1079 1080 1079 1075 1070 1066 1061 1053 1044 1038 1033 1031 1028 1020 1008 999 994 991
849 859 865 865 863 858 856 853 848 850 855 861 872 882 887 887 884 882 885 890 894 896 900 904 908 912 916 920 925 930 935 940 947 951 953 950 945 939 940 951 962 972 981 991 1000 1009 1018 1024 1027 1029 1030 1030 1027 1021 1015 1013 1014 1018 1022 1026 1031 1035 1040 1046 1051 1055 1058 1063 1067 1069 1071 1071 1070 1067 1062 1056 1048 1039 1031 1024 1022 1020 1013 1002 994 990 988
845 855 862 865 866 864 864 860 857 860 862 860 866 877 885 888 888 888 890 893 895 897 898 900 904 909 913 918 924 930 936 943 949 955 957 957 956 949 942 945 957 968 976 985 995 1006 1016 1023 1026 1028 1029 1029 1026 1020 1015 1012 1012 1015 1020 1024 1029 1034 1040 1045 1049 1051 1052 1054 1056 1058 1061 1062 1062 1059 1054 1048 1042 1035 1028 1020 1013 1006 1002 996 990 985 985
843 850 857 863 866 868 867 864 863 868 870 867 867 874 882 887 889 891 895 898 898 900 899 899 902 907 912 919 925 932 939 945 953 959 961 962 963 960 952 949 954 963 971 980 990 1000 1009 1018 1021 1023 1023 1023 1022 1017 1011 1008 1009 1013 1017 1021 1026 1031 1039 1043 1046 1047 1046 1045 1046 1049 1051 1052 1052 1050 1045 1038 1033 1029 1026 1019 1008 998 995 992 986 981 982
847 850 856 862 866 868 868 868 870 875 878 878 875 874 878 883 888 892 897 901 902 904 902 902 904 908 912 919 925 933 941 948 955 960 964 966 967 966 964 961 959 960 966 976 986 995 1005 1012 1016 1017 1015 1013 1013 1010 1006 1004 1006 1010 1015 1018 1022 1027 1033 1037 1041 1042 1039 1036 1036 1038 1039 1040 1040 1039 1034 1027 1024 1023 1020 1016 1010 1003 997 991 985 979 980
